17631
14986
14955
14959
15173
14908
14909
14947
14926
14980
31894
29841
29630
29823
29859
29868
30041
29860
29882
29813
47397
45200
45072
45038
44821
44921
45311
45128
45388
45319
62566
60049
60050
60375
59673
59798
59920
59841
59886
60065
78527
73534
75761
73555
75834
75352
74937
74096
73244
72979
94653
91672
90115
91600
89723
89719
89527
89744
89790
89956
106865
104525
105509
102810
102739
105038
105223
106386
106185
106060
117936
120125
119918
119736
119597
119767
119344
119558
117122
120646
138919
138279
137944
134624
134611
134536
137330
134417
134198
134205
157675
149939
155171
154422
154793
152026
153554
154917
151308
155711
310543
322103
315993
305937
320390
310909
311395
320274
322696
323249
460922
463841
465114
461477
464381
457595
455227
459288
471348
467710
607136
621206
610336
622282
608575
623550
613979
626751
620522
608019
822209
774771
774034
767136
761059
771178
753808
781810
782980
769775
933430
921760
928998
925235
930979
920369
920169
926314
923129
933396
1087689
1085809
1075070
1093088
1093075
1084921
1085132
1065446
1075380
1064846
1246244
1235379
1240291
1240331
1250128
1225198
1245457
1241396
1239593
1231686
1407146
1404271
1421331
1421930
1438010
1441268
1446204
1393122
1425717
1444350
1573585
1603850
1591304
1566716
1541735
1550294
1632625
1592965
1618582
1579127
